-0.71594761 0.14747415 -0.094732295 -0.03963913 0.62512209 -0.025576967 -0.070413924 -0.041024209 -0.038948217 0.15464357 -0.060829502 0.19590393 0.17818137 0.061448355 -0.24008423 -0.13485792 0.10899772 -0.078445788 -0.099917983 0.015630451 0.22683762 -0.13419214 -0.53607731 -0.060088921 0.12122356 0.44259881 -0.14219446 -0.87613952 0.37368274 0.011163575 -0.3002491 0.82361745 -0.24125765 0.37393433 0.20472012 0.10933024 0.70748382 0.56865657 -0.38603547 -0.27135523 -0.016937941 -0.16443853 -0.62020746 -0.14637586 -0.96734508 0.20660249 0.5629245 -0.032722468 -0.61281613 0.58516349 0.19283783 0.26776412 -0.17386211 -0.36705751 -0.0043004372 -0.34288062 0.51848126 -0.26490653 0.12506979 0.29086183 0.43494326 -0.65319555 -0.40418968 -0.11551993 0.52944841 0.31827418 0.45759388 
0.14747415 -60.919963 7.5938212 14.180949 10.756224 9.6258597 5.3026834 5.4891246 3.9475846 2.044913 3.2254781 2.9171785 0.95393476 -1.7093237 1.6314436 0.32101102 -0.73082996 -1.9725562 -0.2405928 -4.5249745 -5.9683481 0.75794488 0.93450793 -3.3834892 -1.7978982 -1.4582075 -9.745495 -6.7200043 -5.440774 4.8532253 10.139085 0.10126126 7.1851316 6.6909524 1.330925 -1.9003222 4.4346011 1.7675144 -3.1201227 5.9832244 -3.3703126 0.37755737 -4.0790011 -0.083870241 -5.0091891 -2.9284545 -2.6460746 3.7719256 1.0147746 -5.3988997 4.3277358 -3.6156461 -0.77074186 2.3534659 6.5573067 -9.7011487 -1.2266144 6.174218 -0.075354004 2.672256 5.4906781 1.8466312 -0.24424285 -1.5624788 -7.0201966 -10.229898 5.0941102 
-0.094732295 7.5938212 -432.96386 103.54481 101.60066 75.584373 35.535118 25.480441 17.298006 12.796194 18.44577 10.941757 16.485989 15.266614 14.951664 9.3712121 0.82076674 -4.2245488 -2.6648002 -6.7314428 -10.893421 -22.05178 -22.904365 -18.023688 -26.61678 -28.159569 -21.6688 -14.357426 -22.225814 -12.116157 13.777348 32.76999 46.23074 8.5042883 38.191458 5.0127833 15.490024 5.9984401 2.8434136 11.24382 -5.672774 -14.994722 -13.653884 -21.226882 -14.800007 -1.9586782 -10.972006 -13.184267 -10.146462 -17.671028 -7.060334 17.443502 18.679568 -0.45390433 -0.24268926 14.203214 -0.18236087 17.510725 -2.7142864 -15.269147 -2.8125341 2.8185744 4.122495 -6.3222146 -11.029313 -4.6854165 -2.2309642 
-0.03963913 14.180949 103.54481 -920.85695 236.99184 156.71446 91.354615 58.994151 59.454834 39.349615 38.273802 37.793548 22.608868 40.048253 13.314121 11.633286 21.517702 13.539238 21.230351 0.28955149 -10.851375 -29.599617 -52.725102 -18.190588 -39.928939 -41.506945 -46.138103 -37.429937 -45.188544 -52.275525 -32.476436 33.926352 49.974856 50.197612 32.322781 47.447765 31.170525 57.932865 2.3412947 10.243001 17.440216 -2.7188951 19.023477 -18.64874 -5.3682772 -17.151812 -56.853871 -18.072795 -23.26163 -15.005797 3.728155 -11.321163 24.517644 -0.9291987 18.004313 6.4400891 -4.8535392 7.712421 13.950437 42.883552 19.538123 18.634588 -6.69616 -5.6353607 -10.071973 -29.833293 -20.7943 
0.62512209 10.756224 101.60066 236.99184 -996.45007 151.39938 91.78606 72.031872 49.178147 37.384739 43.529674 41.189891 59.174779 28.209998 27.698737 41.812026 17.526658 19.861698 7.9545201 6.5014903 13.699802 -8.3646829 -15.479539 -31.208472 -48.020391 -26.277612 -16.384253 -24.907567 -34.949755 -42.071679 -51.647294 -56.771768 -1.3390388 21.105797 56.243042 32.910544 52.121909 27.599877 26.647857 21.353349 21.966709 26.982282 12.822104 13.302375 -11.360739 -12.057742 10.665761 -29.708907 -23.095819 3.4761455 -24.779737 -0.90109393 -15.919308 -4.6560978 26.214804 -25.114939 26.161561 4.3913048 17.481525 14.110939 -3.5300869 22.866959 11.237238 0.13874795 -13.078878 -21.930822 3.6119786 
-0.025576967 9.6258597 75.584373 156.71446 151.39938 -818.4125 67.308569 47.376562 36.797587 39.044176 25.543106 33.66276 31.511943 32.868773 25.567764 22.346772 31.910226 24.192533 28.64996 17.028397 24.580237 7.6002166 -3.1090883 -14.564292 -18.632673 -3.7010506 -12.566236 -20.114553 -21.233779 -17.321686 -37.972398 -68.350545 -55.908407 -9.095413 -16.004024 51.391331 23.033168 16.646424 34.467653 14.684328 11.440329 34.988156 -2.5351429 25.141741 -4.747561 -12.514774 3.9423235 10.938353 -1.7203294 -41.229318 -12.713005 -29.793304 -17.380856 7.1629193 -2.2776429 1.4783755 -11.286029 -16.683533 -1.9641659 13.389011 30.571447 11.109871 28.7226 -2.2943797 5.2933123 34.925005 -2.4938426 
-0.070413924 5.3026834 35.535118 91.354615 91.78606 67.308569 -566.59545 34.958829 31.762551 28.628714 21.979884 22.729787 17.402715 26.724785 28.498987 16.482437 11.746316 4.0349948 10.975833 9.4637653 8.4739661 14.032125 14.739196 1.0096539 3.6756151 -5.6474797 -11.296705 -11.44039 -6.7004507 -15.829955 -17.285851 -16.750234 -48.292307 -30.33682 -4.1415402 9.9099947 20.262792 17.73156 9.555979 19.614243 12.595634 11.447397 8.2285263 -12.384421 0.82893045 19.292428 3.5929202 -6.5097979 -13.57933 7.6594317 -19.86492 -3.1918982 -25.152146 -12.743809 -22.709314 -5.8328631 5.354495 13.446595 -4.9950195 11.279821 -14.699074 10.413898 12.191138 11.094498 43.049433 19.586709 -12.366651 
-0.041024209 5.4891246 25.480441 58.994151 72.031872 47.376562 34.958829 -441.53185 11.131712 14.251842 14.880314 18.646059 12.156653 9.9201604 15.256956 16.061514 11.176373 25.838438 7.765055 18.763523 14.173793 10.399943 19.301777 -2.600793 -1.0417949 1.7976913 12.972851 -5.6014737 5.0218146 2.9075313 -1.8916625 -34.14805 -51.121302 -41.418946 -41.413581 -21.291563 11.682986 14.406215 19.895934 22.692587 22.006088 25.398375 5.5211144 29.318561 15.641225 -15.241741 8.2195023 0.42256246 -1.9545917 -6.3209437 -9.39026 -0.88268848 -8.4224186 -21.942737 -17.238468 -5.8101385 -8.8505887 6.8308566 -7.025685 5.3892663 -8.5674556 -14.110241 6.4425601 44.159366 38.815056 19.047209 -2.6673755 
-0.038948217 3.9475846 17.298006 59.454834 49.178147 36.797587 31.762551 11.131712 -371.06445 11.65554 14.508342 14.33549 14.670058 7.3874386 8.0171474 13.09566 11.867979 18.151774 12.591246 14.117315 13.902323 16.410614 12.64932 8.2815182 15.744005 14.063158 9.9838896 5.1344908 -1.8207406 -3.4349198 -1.2948955 -14.585344 -19.363001 -31.471937 -43.121656 -40.007841 -24.390643 3.0399323 18.563104 18.298242 19.051923 20.422922 3.9259797 11.076583 15.537342 9.7192242 25.940581 -2.8194747 9.3326012 0.20975084 -7.4361465 -13.80905 -18.176144 1.272168 -10.881556 15.136329 -7.5328852 -17.708801 -4.1846745 -28.64001 20.030643 3.3804867 -7.7430666 9.6991739 -7.8825625 8.9749718 16.541144 
0.15464357 2.044913 12.796194 39.349615 37.384739 39.044176 28.628714 14.251842 11.65554 -360.62552 14.857356 13.4118 14.941308 15.687817 18.615905 16.051936 16.982129 10.256341 10.949126 26.570197 10.634007 26.089617 19.993285 8.3316833 14.530353 -11.662443 3.9908719 2.0785294 4.1576652 -0.69382755 3.3610394 -5.8633775 -3.9821043 -32.422177 -38.669327 -42.41729 -34.81199 -19.986103 13.826471 -6.4066031 23.077404 0.78605339 31.760871 31.137298 14.962104 32.877082 6.0754501 -3.7081569 12.76671 -15.073248 29.419066 2.6048582 -4.4932277 -8.7181565 -12.177184 -21.044772 -1.4134796 -14.62225 -14.637711 -13.331615 -12.693577 4.0399186 0.5172133 10.952926 4.4148045 -5.1231843 17.578349 
-0.060829502 3.2254781 18.44577 38.273802 43.529674 25.543106 21.979884 14.880314 14.508342 14.857356 -371.9145 3.7181601 17.27525 10.649454 13.720797 12.06797 19.931767 17.486735 15.427781 11.835268 18.801071 10.207673 21.07518 26.608902 20.890168 9.5119333 7.2655397 12.239682 11.577659 0.93517951 7.2796003 -6.258981 -16.254964 -12.26117 -21.347602 -29.780984 -50.076445 -40.308786 -9.9017446 -9.7687897 9.8075736 37.563012 8.0887309 5.7827916 30.671498 18.453816 25.851339 21.49354 17.572018 -2.5148182 12.293997 -8.2344885 -21.31335 -8.5026907 -5.954158 -19.532956 -15.237329 -4.2134965 -9.9117098 5.0217188 4.1414197 -17.564275 -14.440852 -13.072963 19.461455 1.9437743 23.72523 
0.19590393 2.9171785 10.941757 37.793548 41.189891 33.66276 22.729787 18.646059 14.33549 13.4118 3.7181601 -395.28262 9.7861522 10.558129 9.852768 15.859329 10.266513 24.44056 11.124421 25.332361 17.089651 25.598754 35.276402 27.070629 27.554011 9.2890607 1.7628348 24.336857 9.9411052 3.8500487 0.89092689 6.4958828 1.9916101 -10.142742 -32.857474 -40.211706 -49.36821 -51.164885 -27.4756 0.045132112 10.053973 18.959458 23.187882 16.912821 22.262693 2.0745482 19.591629 29.28316 17.483063 16.191585 -10.340575 -0.77509314 14.164418 -13.947454 -9.5667984 -6.4394148 -11.761144 -1.4560633 -5.5936929 -25.948843 -19.067916 -26.884092 7.9412496 -6.7060988 24.639782 38.207136 21.207038 
0.17818137 0.95393476 16.485989 22.608868 59.174779 31.511943 17.402715 12.156653 14.670058 14.941308 17.27525 9.7861522 -430.33919 13.039303 15.284844 16.229895 11.050174 8.6284464 26.486415 25.135521 19.878682 20.986881 27.222094 26.989419 31.180835 22.822115 19.751777 21.145554 18.513166 11.6027 -1.6708656 7.5926568 -10.589504 -10.29701 -9.7220248 -29.411461 -36.985513 -56.773016 -48.448299 -33.896893 -2.7661472 -3.7882604 26.320119 9.2265555 19.638437 28.905038 26.490463 30.09164 4.6050021 7.3350368 -1.7666666 -6.4558751 -2.6808261 2.6823877 -18.664374 3.9410071 -4.0129784 -10.887214 -0.30327472 -0.37454457 -20.092371 4.5870579 4.8643507 -14.041874 -25.384025 18.441986 1.1567179 
0.061448355 -1.7093237 15.266614 40.048253 28.209998 32.868773 26.724785 9.9201604 7.3874386 15.687817 10.649454 10.558129 13.039303 -451.49027 17.1038 18.317193 12.937011 24.273026 22.667062 21.758209 18.635436 31.663458 31.652788 32.77269 25.054489 33.563523 26.116534 19.394939 9.5303555 1.0994608 7.9084097 9.3385624 -8.1593631 -4.9325726 -6.7172052 -11.890613 -39.448188 -37.165032 -41.831347 -42.206169 -38.488102 -16.730062 20.333094 5.8102234 45.636253 21.32289 0.94062203 24.359315 16.572905 7.4028534 16.411895 4.5639091 7.2728127 1.7052497 15.015711 -10.012937 4.9367519 -20.983717 -16.817098 -0.49318282 -5.7922106 -5.7729434 -21.999565 -18.351872 10.174035 11.435137 -22.131163 
-0.24008423 1.6314436 14.951664 13.314121 27.698737 25.567764 28.498987 15.256956 8.0171474 18.615905 13.720797 9.852768 15.284844 17.1038 -488.98032 23.09177 28.193271 15.169599 25.972097 15.611458 29.488323 34.114026 29.714848 33.012478 39.442016 36.377914 18.701417 2.0662294 17.388858 15.945989 6.8868573 18.0603 24.926022 -10.785807 -17.805125 -16.475715 -38.620179 -32.767134 -39.890969 -52.683768 -31.22118 -31.238642 -7.1706282 22.445476 5.3233457 11.102155 34.97923 50.997094 41.784713 13.263257 5.5985553 13.207494 -8.9443096 0.46813861 6.4169897 -18.078033 -14.907411 -12.672127 -19.168421 -7.9659699 -7.1092681 2.2084435 -17.326012 -16.270452 -12.616193 11.181075 20.414604 
-0.13485792 0.32101102 9.3712121 11.633286 41.812026 22.346772 16.482437 16.061514 13.09566 16.051936 12.06797 15.859329 16.229895 18.317193 23.09177 -545.07396 27.236415 21.949141 17.609316 28.856673 32.620091 37.362403 23.309139 48.528589 46.796524 37.844019 24.65276 13.953193 16.287066 35.677331 15.450737 13.176532 3.013108 5.3065575 -9.0044103 -38.561046 -9.7114269 -18.477611 -45.092094 -38.491535 -60.267735 -49.599595 -46.631032 3.0610153 11.473571 39.76317 31.010011 40.534135 20.871737 24.825015 14.37695 19.487592 16.561907 -20.804058 -9.0429474 -15.171825 26.735778 -6.9357645 10.565583 -20.723874 -9.3771861 -23.597931 -4.6773896 6.3726177 -31.534972 -32.102032 -8.4327012 
0.10899772 -0.73082996 0.82076674 21.517702 17.526658 31.910226 11.746316 11.176373 11.867979 16.982129 19.931767 10.266513 11.050174 12.937011 28.193271 27.236415 -583.67947 29.304645 34.939602 28.023906 38.979579 32.262348 45.82409 46.896692 48.849253 40.161758 37.953059 24.83972 5.0368446 12.891377 14.359833 -5.2736604 1.2046359 21.685757 -1.5683399 -3.610941 -16.685699 -22.600581 -28.65619 -35.867826 -58.654602 -55.824963 -53.478927 -14.9502 25.33772 7.5463789 44.888607 23.886298 38.841149 45.066028 18.671492 13.551625 16.448864 20.872909 8.7907261 -1.5256416 -13.827492 -21.853547 -6.1616014 -31.944588 -36.731351 -22.093942 -4.8173741 -10.792599 4.944103 8.2085009 -18.427225 
-0.078445788 -1.9725562 -4.2245488 13.539238 19.861698 24.192533 4.0349948 25.838438 18.151774 10.256341 17.486735 24.44056 8.6284464 24.273026 15.169599 21.949141 29.304645 -633.76255 28.362421 24.882253 43.940118 50.277487 32.784285 34.701492 47.705665 45.786849 34.762901 18.227313 29.738265 26.252657 27.053292 19.736855 11.317812 18.175133 -0.088034682 0.71069724 -10.257735 -18.136772 -19.517566 -19.460448 -53.304199 -51.648019 -65.044591 -63.720075 -43.854318 1.4360928 19.446089 47.585956 60.8392 41.515902 30.324696 32.676178 19.505818 8.831062 6.1160786 -12.488638 -10.20224 5.4306629 -14.572016 12.622819 -4.3292088 -14.266174 -34.577697 -27.433981 -35.727871 -23.599954 -27.67534 
-0.099917983 -0.2405928 -2.6648002 21.230351 7.9545201 28.64996 10.975833 7.765055 12.591246 10.949126 15.427781 11.124421 26.486415 22.667062 25.972097 17.609316 34.939602 28.362421 -690.13877 45.055944 34.167485 45.711788 44.860547 43.999739 31.990146 35.23325 41.880254 40.59423 31.174299 19.261382 26.93723 6.1724661 7.8777497 11.877947 8.8195349 10.901893 4.8464009 13.461792 -7.3118701 -15.574945 -15.619204 -49.620305 -40.439428 -61.576655 -68.299309 -51.216131 -1.2934507 29.866748 36.149349 39.45902 41.038153 63.736595 11.334247 12.979524 23.699248 20.706938 -27.239978 4.4508804 -4.5286897 -33.713771 -18.472367 -24.938019 9.2105296 -30.029665 3.1682939 -15.647993 -30.776106 
0.015630451 -4.5249745 -6.7314428 0.28955149 6.5014903 17.028397 9.4637653 18.763523 14.117315 26.570197 11.835268 25.332361 25.135521 21.758209 15.611458 28.856673 28.023906 24.882253 45.055944 -769.88457 34.04525 47.415072 62.727841 58.570523 55.15862 64.153923 41.075879 36.336599 41.360236 29.351721 5.4853393 22.152143 28.828567 7.2844782 9.4522808 -0.11096231 16.453589 10.679902 9.4969813 -17.028394 -15.303061 -20.486817 -35.105215 -58.002849 -73.700565 -62.294028 -40.278022 -21.240829 36.481774 34.328913 35.118118 38.443694 32.646308 51.99375 8.3005286 30.892964 -8.4605936 10.4996 -7.7356933 11.530788 -3.77768 7.1585366 -4.4798236 3.5879973 -25.409255 -27.775283 -23.820323 
0.22683762 -5.9683481 -10.893421 -10.851375 13.699802 24.580237 8.4739661 14.173793 13.902323 10.634007 18.801071 17.089651 19.878682 18.635436 29.488323 32.620091 38.979579 43.940118 34.167485 34.04525 -822.96286 43.243312 32.535995 47.965517 68.611015 41.473965 56.668899 54.183723 45.957477 38.099559 28.63947 28.422479 43.194707 33.275885 22.285856 21.090583 -0.11179184 27.842332 -5.8534902 -2.7048965 -16.043972 -19.488358 -18.381136 -48.936811 -72.670559 -61.828587 -80.865004 -69.144751 11.061566 33.155399 64.516592 34.497537 44.647466 11.595816 23.181978 27.59936 28.504951 2.7684625 13.344897 13.074178 -12.610484 -7.0618756 -20.115012 -4.8092677 -17.348868 -1.1639773 14.546906 
-0.13419214 0.75794488 -22.05178 -29.599617 -8.3646829 7.6002166 14.032125 10.399943 16.410614 26.089617 10.207673 25.598754 20.986881 31.663458 34.114026 37.362403 32.262348 50.277487 45.711788 47.415072 43.243312 -890.35152 48.55901 27.714037 43.85319 42.165781 45.819228 73.100736 47.668389 63.54972 30.14281 42.838944 19.928521 22.590491 33.921579 31.455472 20.199376 37.700269 6.0456696 4.0685303 -24.447418 -2.951985 -25.739149 -31.781597 -52.366922 -69.212456 -82.838196 -106.44646 -62.016728 2.5708044 38.605518 66.403406 37.452592 79.14962 52.157685 49.202291 51.812251 29.365761 -2.8010374 -0.41067011 3.5660236 3.5769829 -44.282127 -18.036358 -52.494195 -36.286796 -8.1351644 
-0.53607731 0.93450793 -22.904365 -52.725102 -15.479539 -3.1090883 14.739196 19.301777 12.64932 19.993285 21.07518 35.276402 27.222094 31.652788 29.714848 23.309139 45.82409 32.784285 44.860547 62.727841 32.535995 48.55901 -972.73915 41.619669 28.080908 56.301511 48.126975 43.372199 60.588279 65.604574 42.036742 55.992853 37.773142 33.299171 60.208394 42.348852 35.661415 10.51458 14.839162 23.313607 -0.092827842 -21.212641 -10.956117 2.4361423 -54.592957 -38.817088 -76.139198 -70.113347 -97.135538 -40.143433 -12.079108 12.105143 41.711141 49.098949 47.312412 49.355253 39.333983 69.472759 18.677371 14.866146 -1.1763346 -42.868666 11.616983 -9.4088035 -5.9403204 -45.201159 -15.708493 
-0.060088921 -3.3834892 -18.023688 -18.190588 -31.208472 -14.564292 1.0096539 -2.600793 8.2815182 8.3316833 26.608902 27.070629 26.989419 32.77269 33.012478 48.528589 46.896692 34.701492 43.999739 58.570523 47.965517 27.714037 41.619669 -1027.8801 60.12076 61.788312 44.447867 74.400001 30.91238 68.339052 27.208831 55.197487 43.996386 33.565995 33.262135 58.242972 38.234422 40.780119 46.386778 20.397133 49.555444 -5.0740696 -1.8900039 -33.894336 -44.292438 -39.930072 -60.676433 -78.341575 -109.58063 -59.778261 -58.27706 -30.736521 22.513419 61.239555 60.588014 66.910695 71.509036 13.928208 44.843419 9.658226 44.168183 28.658913 -13.040651 5.0403549 -12.894669 -33.338653 -23.634979 
0.12122356 -1.7978982 -26.61678 -39.928939 -48.020391 -18.632673 3.6756151 -1.0417949 15.744005 14.530353 20.890168 27.554011 31.180835 25.054489 39.442016 46.796524 48.849253 47.705665 31.990146 55.15862 68.611015 43.85319 28.080908 60.12076 -1092.6434 49.595038 40.30547 41.568937 66.261253 57.923356 50.030201 33.61848 64.61945 20.675534 65.770583 46.368381 59.21308 34.914397 48.269125 35.528829 19.069151 29.278818 22.734367 -15.795012 10.572221 -31.90911 -33.732752 -80.544944 -97.472825 -104.19405 -67.032349 -38.669614 14.917401 29.207687 21.332644 42.896572 62.947817 35.142602 25.34922 44.322021 11.435193 10.318121 9.689786 6.5807351 2.908141 -14.575271 6.4241414 
0.44259881 -1.4582075 -28.159569 -41.506945 -26.277612 -3.7010506 -5.6474797 1.7976913 14.063158 -11.662443 9.5119333 9.2890607 22.822115 33.563523 36.377914 37.844019 40.161758 45.786849 35.23325 64.153923 41.473965 42.165781 56.301511 61.788312 49.595038 -1151.744 49.394809 68.952464 65.266331 50.357858 47.195059 58.92017 30.317574 40.378203 49.362223 69.406785 56.448177 55.563082 50.325046 25.38915 24.205396 29.991673 29.521636 -7.0638459 -0.39657225 -12.657578 -25.712462 -52.865171 -53.933025 -80.510351 -74.378679 -127.56804 -55.827404 -14.487977 38.611129 48.445956 43.265816 62.774387 45.933652 45.57159 39.705341 48.627575 15.066595 6.3149686 23.505758 7.1475544 -7.4104136 
-0.14219446 -9.745495 -21.6688 -46.138103 -16.384253 -12.566236 -11.296705 12.972851 9.9838896 3.9908719 7.2655397 1.7628348 19.751777 26.116534 18.701417 24.65276 37.953059 34.762901 41.880254 41.075879 56.668899 45.819228 48.126975 44.447867 40.30547 49.394809 -1169.8618 78.360523 74.630149 32.864111 73.158311 67.599517 50.290574 54.520802 47.700078 53.548098 59.266136 55.79227 30.802271 37.039854 43.845207 59.582744 20.976949 16.775076 16.69566 12.510107 -15.991531 -1.0103821 -73.892551 -51.959359 -84.090588 -91.890913 -100.48291 -54.453845 -19.813256 20.136074 41.916812 3.1084926 40.715783 74.31101 58.190307 41.903985 -6.2100164 4.4095841 16.076367 34.77721 -0.21802464 
-0.87613952 -6.7200043 -14.357426 -37.429937 -24.907567 -20.114553 -11.44039 -5.6014737 5.1344908 2.0785294 12.239682 24.336857 21.145554 19.394939 2.0662294 13.953193 24.83972 18.227313 40.59423 36.336599 54.183723 73.100736 43.372199 74.400001 41.568937 68.952464 78.360523 -1240.9561 50.220503 47.394185 75.833409 55.775135 52.763686 65.966636 40.99656 45.185429 94.430373 68.569767 42.406704 36.880232 44.657372 66.930432 4.0748392 53.759177 27.211311 15.257013 13.464215 2.0318414 -63.037641 -47.279279 -75.467181 -81.120609 -113.39908 -127.35084 -92.898341 -26.716442 23.23054 52.722329 52.387349 102.03205 55.571173 41.498564 92.393661 30.39334 28.886758 2.6748256 10.438613 
0.37368274 -5.440774 -22.225814 -45.188544 -34.949755 -21.233779 -6.7004507 5.0218146 -1.8207406 4.1576652 11.577659 9.9411052 18.513166 9.5303555 17.388858 16.287066 5.0368446 29.738265 31.174299 41.360236 45.957477 47.668389 60.588279 30.91238 66.261253 65.266331 74.630149 50.220503 -1266.4306 56.026005 85.584327 48.697433 56.457984 63.980343 76.471722 49.062661 53.987391 58.604715 57.400917 65.039055 63.467348 74.777011 19.143727 26.495215 31.288058 21.597423 11.363883 -11.783698 -38.758476 -35.984836 -71.324404 -73.696588 -74.548501 -60.151025 -91.29011 -73.671136 -15.809239 17.284997 10.962526 64.557733 93.685859 58.955899 58.134488 23.139836 53.590273 37.951433 31.459597 
0.011163575 4.8532253 -12.116157 -52.275525 -42.071679 -17.321686 -15.829955 2.9075313 -3.4349198 -0.69382755 0.93517951 3.8500487 11.6027 1.0994608 15.945989 35.677331 12.891377 26.252657 19.261382 29.351721 38.099559 63.54972 65.604574 68.339052 57.923356 50.357858 32.864111 47.394185 56.026005 -1310.6773 90.529072 64.727726 62.98322 76.436277 63.63444 54.927044 72.325624 45.688118 30.786047 70.592181 49.135443 77.373941 57.755878 25.408697 55.413758 41.220379 32.8551 -0.36727972 -35.926004 -20.971333 -45.509853 -24.772729 -23.424662 -99.678533 -98.423046 -110.30324 -109.26034 -3.3067995 19.644437 65.81619 67.184032 30.037445 68.586981 64.471227 16.877338 11.810138 4.2031434 
-0.3002491 10.139085 13.777348 -32.476436 -51.647294 -37.972398 -17.285851 -1.8916625 -1.2948955 3.3610394 7.2796003 0.89092689 -1.6708656 7.9084097 6.8868573 15.450737 14.359833 27.053292 26.93723 5.4853393 28.63947 30.14281 42.036742 27.208831 50.030201 47.195059 73.158311 75.833409 85.584327 90.529072 -1356.2981 62.310376 102.80431 82.399603 87.193697 71.828817 54.561988 58.11962 54.213255 41.822073 64.886491 24.495435 55.860633 41.227096 30.363182 40.593299 -20.749366 -0.80551393 25.629927 10.995504 20.918682 -34.61046 -49.621594 -56.95274 -77.683088 -85.578082 -118.38931 -55.896193 18.237861 15.506146 64.099306 79.379586 62.939403 50.939329 63.778495 76.449326 1.2107518 
0.82361745 0.10126126 32.76999 33.926352 -56.771768 -68.350545 -16.750234 -34.14805 -14.585344 -5.8633775 -6.258981 6.4958828 7.5926568 9.3385624 18.0603 13.176532 -5.2736604 19.736855 6.1724661 22.152143 28.422479 42.838944 55.992853 55.197487 33.61848 58.92017 67.599517 55.775135 48.697433 64.727726 62.310376 -1285.7926 56.887457 70.349919 42.6319 47.070839 53.283807 55.444363 67.572147 106.97096 65.671739 36.2868 74.736321 40.221149 34.472568 38.188721 75.04161 -11.649292 36.245795 11.111046 -5.4698752 -21.905072 -66.096062 -12.627148 -62.035879 -75.247337 -106.83801 -80.211636 -83.753048 -24.169978 8.2201597 66.537955 44.048717 52.842539 76.888196 100.4695 32.902663 
-0.24125765 7.1851316 46.23074 49.974856 -1.3390388 -55.908407 -48.292307 -51.121302 -19.363001 -3.9821043 -16.254964 1.9916101 -10.589504 -8.1593631 24.926022 3.013108 1.2046359 11.317812 7.8777497 28.828567 43.194707 19.928521 37.773142 43.996386 64.61945 30.317574 50.290574 52.763686 56.457984 62.98322 102.80431 56.887457 -1328.8777 52.154883 51.717597 70.640749 59.365751 38.873225 100.64888 74.186896 85.071129 59.581673 61.067952 42.305197 59.37198 33.274552 31.210873 32.163425 59.555045 -23.500517 -37.198 1.6869009 -3.6617812 -31.742198 -42.196232 -59.526729 -87.451909 -83.099513 -108.28976 -90.950835 -16.290062 15.35956 94.647797 81.971747 67.503101 56.141778 88.784518 
0.37393433 6.6909524 8.5042883 50.197612 21.105797 -9.095413 -30.33682 -41.418946 -31.471937 -32.422177 -12.26117 -10.142742 -10.29701 -4.9325726 -10.785807 5.3065575 21.685757 18.175133 11.877947 7.2844782 33.275885 22.590491 33.299171 33.565995 20.675534 40.378203 54.520802 65.966636 63.980343 76.436277 82.399603 70.349919 52.154883 -1294.2202 59.106569 40.974077 45.224596 62.436661 57.057553 54.357536 60.609014 58.834464 43.620551 82.45292 29.36753 43.165178 50.590241 75.063843 61.958368 27.717038 28.740122 30.570418 4.3793289 -38.428587 -11.287356 -44.783088 -68.03628 -77.760814 -90.080429 -138.32138 -69.189414 -7.2213343 33.064322 27.624855 47.279298 42.4775 16.550251 
0.20472012 1.330925 38.191458 32.322781 56.243042 -16.004024 -4.1415402 -41.413581 -43.121656 -38.669327 -21.347602 -32.857474 -9.7220248 -6.7172052 -17.805125 -9.0044103 -1.5683399 -0.088034682 8.8195349 9.4522808 22.285856 33.921579 60.208394 33.262135 65.770583 49.362223 47.700078 40.99656 76.471722 63.63444 87.193697 42.6319 51.717597 59.106569 -1349.6922 68.729177 46.463016 56.997717 68.308369 60.243537 84.280517 63.153636 52.546334 93.031609 94.592053 54.929753 17.764106 38.421042 51.699585 12.545249 38.602613 49.326406 24.663156 -24.133111 -9.6765975 -31.303122 -49.000223 -57.285224 -71.164452 -146.49742 -116.9685 -44.342937 -50.780207 -6.0137394 57.479259 79.706526 39.293885 
0.10933024 -1.9003222 5.0127833 47.447765 32.910544 51.391331 9.9099947 -21.291563 -40.007841 -42.41729 -29.780984 -40.211706 -29.411461 -11.890613 -16.475715 -38.561046 -3.610941 0.71069724 10.901893 -0.11096231 21.090583 31.455472 42.348852 58.242972 46.368381 69.406785 53.548098 45.185429 49.062661 54.927044 71.828817 47.070839 70.640749 40.974077 68.729177 -1371.3557 54.131377 60.542963 58.306767 47.938047 52.284863 49.28899 102.52244 60.01992 56.59487 74.104227 86.005336 66.838226 75.974186 39.953956 50.94755 21.027264 6.1324995 7.9454717 15.50917 -65.721069 -48.668871 -59.698184 -70.945412 -81.322066 -107.65615 -127.13026 -72.365115 31.450897 10.623637 34.193629 119.02192 
0.70748382 4.4346011 15.490024 31.170525 52.121909 23.033168 20.262792 11.682986 -24.390643 -34.81199 -50.076445 -49.36821 -36.985513 -39.448188 -38.620179 -9.7114269 -16.685699 -10.257735 4.8464009 16.453589 -0.11179184 20.199376 35.661415 38.234422 59.21308 56.448177 59.266136 94.430373 53.987391 72.325624 54.561988 53.283807 59.365751 45.224596 46.463016 54.131377 -1438.6895 36.253078 84.350069 67.125919 62.529079 34.645493 72.296465 93.615735 57.861705 68.982091 44.567023 78.583783 86.34193 44.604569 52.695 27.190191 59.423015 10.477896 2.1006221 -22.292824 -0.10545206 -26.697676 -56.926478 -85.788324 -82.633311 -129.48985 -116.17232 -93.011123 -12.795787 30.519327 71.271545 
0.56865657 1.7675144 5.9984401 57.932865 27.599877 16.646424 17.73156 14.406215 3.0399323 -19.986103 -40.308786 -51.164885 -56.773016 -37.165032 -32.767134 -18.477611 -22.600581 -18.136772 13.461792 10.679902 27.842332 37.700269 10.51458 40.780119 34.914397 55.563082 55.79227 68.569767 58.604715 45.688118 58.11962 55.444363 38.873225 62.436661 56.997717 60.542963 36.253078 -1471.7129 29.950539 57.987596 77.405287 93.115586 64.515765 96.30444 106.57273 81.90376 66.385976 96.452427 84.994016 88.284049 21.149049 20.265756 10.141918 21.682997 -4.4085307 -12.896586 -11.650409 -5.2134078 -42.744106 -74.393062 -103.72474 -96.361066 -136.00416 -67.91731 -52.863259 -25.150867 60.781911 
-0.38603547 -3.1201227 2.8434136 2.3412947 26.647857 34.467653 9.555979 19.895934 18.563104 13.826471 -9.9017446 -27.4756 -48.448299 -41.831347 -39.890969 -45.092094 -28.65619 -19.517566 -7.3118701 9.4969813 -5.8534902 6.0456696 14.839162 46.386778 48.269125 50.325046 30.802271 42.406704 57.400917 30.786047 54.213255 67.572147 100.64888 57.057553 68.308369 58.306767 84.350069 29.950539 -1612.9013 60.726224 71.367318 88.259249 92.301968 91.462124 80.380393 49.608694 78.484294 89.139846 79.754755 83.182701 57.98482 52.976039 50.075939 50.645184 46.292625 10.381892 12.079203 -51.958174 -12.661781 -61.978143 -73.226474 -80.143832 -99.704907 -136.78601 -156.91361 -119.89842 -6.5088423 
-0.27135523 5.9832244 11.24382 10.243001 21.353349 14.684328 19.614243 22.692587 18.298242 -6.4066031 -9.7687897 0.045132112 -33.896893 -42.206169 -52.683768 -38.491535 -35.867826 -19.460448 -15.574945 -17.028394 -2.7048965 4.0685303 23.313607 20.397133 35.528829 25.38915 37.039854 36.880232 65.039055 70.592181 41.822073 106.97096 74.186896 54.357536 60.243537 47.938047 67.125919 57.987596 60.726224 -1675.4928 66.596097 74.893516 101.79591 79.258208 100.03818 80.736204 93.73694 87.501474 90.309905 104.13485 65.266295 87.434882 64.63976 53.5193 11.738684 51.652004 50.730249 -0.74760658 -29.032064 -11.661554 -86.665006 -48.275266 -53.16411 -159.57386 -121.46418 -171.16039 -116.39163 
-0.016937941 -3.3703126 -5.672774 17.440216 21.966709 11.440329 12.595634 22.006088 19.051923 23.077404 9.8075736 10.053973 -2.7661472 -38.488102 -31.22118 -60.267735 -58.654602 -53.304199 -15.619204 -15.303061 -16.043972 -24.447418 -0.092827842 49.555444 19.069151 24.205396 43.845207 44.657372 63.467348 49.135443 64.886491 65.671739 85.071129 60.609014 84.280517 52.284863 62.529079 77.405287 71.367318 66.596097 -1760.6893 57.256554 47.312098 64.543579 106.50251 101.89741 103.99672 119.30165 109.18864 72.323681 86.038491 79.366524 94.330403 51.089035 39.52072 42.969508 51.834451 30.517601 47.988283 -15.396009 -32.121211 -70.671651 -82.461102 -97.883694 -112.56095 -172.62921 -146.46434 
-0.16443853 0.37755737 -14.994722 -2.7188951 26.982282 34.988156 11.447397 25.398375 20.422922 0.78605339 37.563012 18.959458 -3.7882604 -16.730062 -31.238642 -49.599595 -55.824963 -51.648019 -49.620305 -20.486817 -19.488358 -2.951985 -21.212641 -5.0740696 29.278818 29.991673 59.582744 66.930432 74.777011 77.373941 24.495435 36.2868 59.581673 58.834464 63.153636 49.28899 34.645493 93.115586 88.259249 74.893516 57.256554 -1918.3777 113.36336 99.142098 87.765753 119.51585 113.97287 93.877811 70.450259 115.29415 132.06436 134.00104 67.411527 91.71884 63.369424 73.928749 28.126804 12.315199 -6.5583783 -13.250172 -23.583648 -64.749071 -62.923709 -79.549375 -104.43051 -122.01297 -133.23906 
-0.62020746 -4.0790011 -13.653884 19.023477 12.822104 -2.5351429 8.2285263 5.5211144 3.9259797 31.760871 8.0887309 23.187882 26.320119 20.333094 -7.1706282 -46.631032 -53.478927 -65.044591 -40.439428 -35.105215 -18.381136 -25.739149 -10.956117 -1.8900039 22.734367 29.521636 20.976949 4.0748392 19.143727 57.755878 55.860633 74.736321 61.067952 43.620551 52.546334 102.52244 72.296465 64.515765 92.301968 101.79591 47.312098 113.36336 -1983.4376 83.366076 91.270564 82.711165 104.83473 114.47062 129.57723 97.098709 83.718478 49.329756 81.623615 56.002419 70.799958 92.678679 81.953898 79.837246 76.314139 5.7636916 43.686582 -40.702154 -30.295335 -50.95283 -30.010912 -65.501622 -136.89178 
-0.14637586 -0.083870241 -21.226882 -18.64874 13.302375 25.141741 -12.384421 29.318561 11.076583 31.137298 5.7827916 16.912821 9.2265555 5.8102234 22.445476 3.0610153 -14.9502 -63.720075 -61.576655 -58.002849 -48.936811 -31.781597 2.4361423 -33.894336 -15.795012 -7.0638459 16.775076 53.759177 26.495215 25.408697 41.227096 40.221149 42.305197 82.45292 93.031609 60.01992 93.615735 96.30444 91.462124 79.258208 64.543579 99.142098 83.366076 -2007.5352 73.788265 63.641859 92.579601 64.040107 140.59307 110.58805 108.61268 152.04248 90.467121 63.837961 99.554651 58.792597 84.496773 61.494318 44.414751 75.862848 53.140017 7.1812827 -0.35676151 -26.394701 -115.64497 -91.734574 -70.47804 
-0.96734508 -5.0091891 -14.800007 -5.3682772 -11.360739 -4.747561 0.82893045 15.641225 15.537342 14.962104 30.671498 22.262693 19.638437 45.636253 5.3233457 11.473571 25.33772 -43.854318 -68.299309 -73.700565 -72.670559 -52.366922 -54.592957 -44.292438 10.572221 -0.39657225 16.69566 27.211311 31.288058 55.413758 30.363182 34.472568 59.37198 29.36753 94.592053 56.59487 57.861705 106.57273 80.380393 100.03818 106.50251 87.765753 91.270564 73.788265 -2102.3334 101.67541 79.138942 87.16125 101.64029 81.21599 131.91589 110.76962 117.08353 102.20222 131.31541 90.994195 105.17682 59.634583 31.261606 57.654214 26.38922 26.939805 -11.080435 1.8289827 -27.434645 -65.326081 -90.13694 
0.20660249 -2.9284545 -1.9586782 -17.151812 -12.057742 -12.514774 19.292428 -15.241741 9.7192242 32.877082 18.453816 2.0745482 28.905038 21.32289 11.102155 39.76317 7.5463789 1.4360928 -51.216131 -62.294028 -61.828587 -69.212456 -38.817088 -39.930072 -31.90911 -12.657578 12.510107 15.257013 21.597423 41.220379 40.593299 38.188721 33.274552 43.165178 54.929753 74.104227 68.982091 81.90376 49.608694 80.736204 101.89741 119.51585 82.711165 63.641859 101.67541 -2142.6624 130.08987 107.57941 119.22544 154.84067 100.61576 100.8394 97.452993 110.89375 116.64742 111.82568 41.860377 66.232334 32.532582 125.85142 40.214777 63.224181 1.7436867 -24.219175 -63.409366 -11.276548 -43.517042 
0.5629245 -2.6460746 -10.972006 -56.853871 10.665761 3.9423235 3.5929202 8.2195023 25.940581 6.0754501 25.851339 19.591629 26.490463 0.94062203 34.97923 31.010011 44.888607 19.446089 -1.2934507 -40.278022 -80.865004 -82.838196 -76.139198 -60.676433 -33.732752 -25.712462 -15.991531 13.464215 11.363883 32.8551 -20.749366 75.04161 31.210873 50.590241 17.764106 86.005336 44.567023 66.385976 78.484294 93.73694 103.99672 113.97287 104.83473 92.579601 79.138942 130.08987 -2292.1914 96.24853 68.993716 120.69082 135.13058 112.2127 127.33191 132.11516 134.16269 113.7088 106.87922 95.045993 123.72294 59.632867 43.755682 41.731371 44.841939 49.15143 23.127153 35.545712 -85.754207 
-0.032722468 3.7719256 -13.184267 -18.072795 -29.708907 10.938353 -6.5097979 0.42256246 -2.8194747 -3.7081569 21.49354 29.28316 30.09164 24.359315 50.997094 40.534135 23.886298 47.585956 29.866748 -21.240829 -69.144751 -106.44646 -70.113347 -78.341575 -80.544944 -52.865171 -1.0103821 2.0318414 -11.783698 -0.36727972 -0.80551393 -11.649292 32.163425 75.063843 38.421042 66.838226 78.583783 96.452427 89.139846 87.501474 119.30165 93.877811 114.47062 64.040107 87.16125 107.57941 96.24853 -2304.1568 56.709063 108.65574 106.2534 153.0866 158.14248 160.50053 105.37819 123.58243 84.028507 53.655563 80.517556 115.92691 105.48255 124.03644 45.747125 80.027716 -11.207915 66.85385 -63.735301 
-0.61281613 1.0147746 -10.146462 -23.26163 -23.095819 -1.7203294 -13.57933 -1.9545917 9.3326012 12.76671 17.572018 17.483063 4.6050021 16.572905 41.784713 20.871737 38.841149 60.8392 36.149349 36.481774 11.061566 -62.016728 -97.135538 -109.58063 -97.472825 -53.933025 -73.892551 -63.037641 -38.758476 -35.926004 25.629927 36.245795 59.555045 61.958368 51.699585 75.974186 86.34193 84.994016 79.754755 90.309905 109.18864 70.450259 129.57723 140.59307 101.64029 119.22544 68.993716 56.709063 -2333.3386 77.261743 142.94587 65.366291 92.338963 88.465336 120.29571 150.86657 116.37472 140.39188 80.390855 108.34795 80.26715 123.69773 61.867471 79.919923 36.842015 51.498237 32.246931 
0.58516349 -5.3988997 -17.671028 -15.005797 3.4761455 -41.229318 7.6594317 -6.3209437 0.20975084 -15.073248 -2.5148182 16.191585 7.3350368 7.4028534 13.263257 24.825015 45.066028 41.515902 39.45902 34.328913 33.155399 2.5708044 -40.143433 -59.778261 -104.19405 -80.510351 -51.959359 -47.279279 -35.984836 -20.971333 10.995504 11.111046 -23.500517 27.717038 12.545249 39.953956 44.604569 88.284049 83.182701 104.13485 72.323681 115.29415 97.098709 110.58805 81.21599 154.84067 120.69082 108.65574 77.261743 -2346.83 80.142567 97.98375 74.120934 98.000265 133.6878 99.872049 104.40602 135.57795 129.54304 96.251337 115.82157 59.59523 82.289616 59.370604 80.303588 74.076249 50.154041 
0.19283783 4.3277358 -7.060334 3.728155 -24.779737 -12.713005 -19.86492 -9.39026 -7.4361465 29.419066 12.293997 -10.340575 -1.7666666 16.411895 5.5985553 14.37695 18.671492 30.324696 41.038153 35.118118 64.516592 38.605518 -12.079108 -58.27706 -67.032349 -74.378679 -84.090588 -75.467181 -71.324404 -45.509853 20.918682 -5.4698752 -37.198 28.740122 38.602613 50.94755 52.695 21.149049 57.98482 65.266295 86.038491 132.06436 83.718478 108.61268 131.91589 100.61576 135.13058 106.2534 142.94587 80.142567 -2512.6486 106.22629 82.000447 161.66844 108.85478 138.60056 135.49844 98.010707 116.23799 123.16279 75.01724 57.554741 74.910554 65.670341 134.23233 71.613012 37.567356 
0.26776412 -3.6156461 17.443502 -11.321163 -0.90109393 -29.793304 -3.1918982 -0.88268848 -13.80905 2.6048582 -8.2344885 -0.77509314 -6.4558751 4.5639091 13.207494 19.487592 13.551625 32.676178 63.736595 38.443694 34.497537 66.403406 12.105143 -30.736521 -38.669614 -127.56804 -91.890913 -81.120609 -73.696588 -24.772729 -34.61046 -21.905072 1.6869009 30.570418 49.326406 21.027264 27.190191 20.265756 52.976039 87.434882 79.366524 134.00104 49.329756 152.04248 110.76962 100.8394 112.2127 153.0866 65.366291 97.98375 106.22629 -2528.4628 81.185737 103.34467 119.05458 113.19975 108.52837 157.53859 84.402007 132.35102 156.3935 130.07959 145.61018 70.745364 107.3527 82.09904 103.06155 
-0.17386211 -0.77074186 18.679568 24.517644 -15.919308 -17.380856 -25.152146 -8.4224186 -18.176144 -4.4932277 -21.31335 14.164418 -2.6808261 7.2728127 -8.9443096 16.561907 16.448864 19.505818 11.334247 32.646308 44.647466 37.452592 41.711141 22.513419 14.917401 -55.827404 -100.48291 -113.39908 -74.548501 -23.424662 -49.621594 -66.096062 -3.6617812 4.3793289 24.663156 6.1324995 59.423015 10.141918 50.075939 64.63976 94.330403 67.411527 81.623615 90.467121 117.08353 97.452993 127.33191 158.14248 92.338963 74.120934 82.000447 81.185737 -2564.8804 153.11563 118.37823 79.840694 132.44462 115.5396 151.324 103.27328 142.71927 138.67417 147.42918 115.76225 102.93791 91.165772 66.712361 
-0.36705751 2.3534659 -0.45390433 -0.9291987 -4.6560978 7.1629193 -12.743809 -21.942737 1.272168 -8.7181565 -8.5026907 -13.947454 2.6823877 1.7052497 0.46813861 -20.804058 20.872909 8.831062 12.979524 51.99375 11.595816 79.14962 49.098949 61.239555 29.207687 -14.487977 -54.453845 -127.35084 -60.151025 -99.678533 -56.95274 -12.627148 -31.742198 -38.428587 -24.133111 7.9454717 10.477896 21.682997 50.645184 53.5193 51.089035 91.71884 56.002419 63.837961 102.20222 110.89375 132.11516 160.50053 88.465336 98.000265 161.66844 103.34467 153.11563 -2595.2147 70.922392 119.53991 75.97676 114.79026 159.60453 106.51502 130.71853 101.10698 122.61788 141.69783 115.28017 108.30488 86.11869 
-0.0043004372 6.5573067 -0.24268926 18.004313 26.214804 -2.2776429 -22.709314 -17.238468 -10.881556 -12.177184 -5.954158 -9.5667984 -18.664374 15.015711 6.4169897 -9.0429474 8.7907261 6.1160786 23.699248 8.3005286 23.181978 52.157685 47.312412 60.588014 21.332644 38.611129 -19.813256 -92.898341 -91.29011 -98.423046 -77.683088 -62.035879 -42.196232 -11.287356 -9.6765975 15.50917 2.1006221 -4.4085307 46.292625 11.738684 39.52072 63.369424 70.799958 99.554651 131.31541 116.64742 134.16269 105.37819 120.29571 133.6878 108.85478 119.05458 118.37823 70.922392 -2683.7118 81.741989 118.73157 149.60793 130.28533 118.12992 176.43751 151.45865 123.52699 146.81654 87.633921 121.14487 139.26253 
-0.34288062 -9.7011487 14.203214 6.4400891 -25.114939 1.4783755 -5.8328631 -5.8101385 15.136329 -21.044772 -19.532956 -6.4394148 3.9410071 -10.012937 -18.078033 -15.171825 -1.5256416 -12.488638 20.706938 30.892964 27.59936 49.202291 49.355253 66.910695 42.896572 48.445956 20.136074 -26.716442 -73.671136 -110.30324 -85.578082 -75.247337 -59.526729 -44.783088 -31.303122 -65.721069 -22.292824 -12.896586 10.381892 51.652004 42.969508 73.928749 92.678679 58.792597 90.994195 111.82568 113.7088 123.58243 150.86657 99.872049 138.60056 113.19975 79.840694 119.53991 81.741989 -2702.0845 58.70908 105.36111 103.83505 147.47099 130.90495 131.35689 121.12067 154.69946 124.82578 134.93842 172.49122 
0.51848126 -1.2266144 -0.18236087 -4.8535392 26.161561 -11.286029 5.354495 -8.8505887 -7.5328852 -1.4134796 -15.237329 -11.761144 -4.0129784 4.9367519 -14.907411 26.735778 -13.827492 -10.20224 -27.239978 -8.4605936 28.504951 51.812251 39.333983 71.509036 62.947817 43.265816 41.916812 23.23054 -15.809239 -109.26034 -118.38931 -106.83801 -87.451909 -68.03628 -49.000223 -48.668871 -0.10545206 -11.650409 12.079203 50.730249 51.834451 28.126804 81.953898 84.496773 105.17682 41.860377 106.87922 84.028507 116.37472 104.40602 135.49844 108.52837 132.44462 75.97676 118.73157 58.70908 -2718.7491 134.59823 125.78898 104.13987 126.16311 166.12556 188.43724 121.08949 100.23279 153.00894 127.11947 
